
%%%%%%%%%%%%%%%%%%%%%%%%%%%%%%%%%%%%%%%%%%%%%%%%%%%%%%%%%%%%%%%%%%%%%%%%%%%%%%%%%%%%%%%%
thedata= [
%YEARS	y_tot_obs	y_a_obs	c_obs	i_obs	h_obs	wy_obs	smdi_obs	reer_obs
1987.25	3.5416393360826532	-4.62506321584209	1.9732875368115401	11.471429946921546	nan	nan	-1.9091	nan
1987.5	2.703295360070115	-0.9870491338962211	2.0535345210064406	9.479822144584375	nan	nan	-0.3914	nan
1987.75	2.3947333899525347	3.54901936812945	2.4555291995308153	3.5225483742629535	nan	nan	-0.38	nan
1988	1.5395202781613762	5.66763849219592	0.299615312551623	1.3246635800935564	nan	nan	-0.506	nan
1988.25	1.192274989977932	0.7168278750225454	0.09154150130245853	-2.3616493866559836	nan	nan	0.0873	nan
1988.5	2.5311718421322666	2.2810208766755977	1.2931541830748756	-8.103691322977568	nan	nan	-0.3544	nan
1988.75	2.575649801267218	-5.490187532868731	2.3184169199116695	-8.859103677922064	nan	nan	0.0054	nan
1989	3.1990106944977015	-10.011821374807823	2.367304201696925	2.188379306121874	-4.31555562754779	nan	-0.4176	nan
1989.25	3.342537004468454	-14.799640346431659	4.693920228234333	1.2963310695444648	-5.738316799544967	nan	0.2359	nan
1989.5	-1.4799997769232505	-20.632623555397856	-0.3420622164304632	-4.154486756085078	-5.432864133227596	nan	-0.0325	nan
1989.75	0.4755767728237288	-17.024998050422425	-0.6979688360944465	1.965822151177008	-4.765182789060414	nan	-0.8166	nan
1990	0.7089677090253872	-12.665009335535615	0.9826313318068287	-5.5716560007874705	-5.272449082152611	nan	0.1888	nan
1990.25	-0.34880347366777187	-7.85931568113034	2.7964877393879988	-5.165493268796297	-4.767379550686989	nan	-0.2813	nan
1990.5	-1.135414448286724	-4.778067265389211	1.5138243510718894	-8.393441193094134	-5.797447870401622	nan	-0.7228	nan
1990.75	0.18071365598416378	-0.8617803486906723	3.478227224864554	-3.2043374959307016	-6.9648163068499	nan	-0.472	nan
1991	-3.8702205971897	-4.05479256664654	1.5605874207144552	-25.74012181222878	-7.92934549705073	nan	0.1084	nan
1991.25	-5.756795965745937	-2.414597610445412	-0.38886027293040115	-33.63877817389624	-8.821159716905008	nan	-0.8029	nan
1991.5	-5.446158153764145	-1.9560313232647104	-2.665837966650315	-28.42516924224617	-9.403599270603982	nan	-1.0302	nan
1991.75	-5.986905223518534	-8.518841097175482	-2.3529526140727057	-26.030845823817913	-10.362586131475005	nan	-0.855	nan
1992	-6.0332985126719905	-10.366387877882971	-2.758724409016736	-20.915226574985184	-9.452659604693556	nan	-0.5826	nan
1992.25	-5.828594434047886	-20.588161177259508	-2.8921963487964604	-24.00070373843215	-8.909334008972177	nan	0.1314	nan
1992.5	-8.32335606310312	-29.157961379991036	-3.187276246342776	-23.606420969509713	-9.577983716846395	nan	-1.6182	nan
1992.75	-8.056408781772916	-30.380561314956253	-4.003468352878258	-22.113038254217543	-8.749745757657116	nan	-2.0037	nan
1993	-6.489381370310866	-23.310218797063726	-6.61975900211803	-17.742134563728143	-8.338304896115714	nan	-0.7706	nan
1993.25	-6.231259174631191	-15.14625122946427	-6.013475265063903	-11.067127675439338	-8.471917571585747	nan	-0.6803	nan
1993.5	-4.2055101816861225	-7.078675916064697	-5.192133821668676	-4.122029398400571	-7.474364857662046	nan	0.2366	nan
1993.75	-3.195253914081718	-4.329561351257894	-4.207775857260117	-1.474110391557133	-6.686081859283023	nan	0.3001	nan
1994	-0.9276455880445837	-2.4444136364637643	-3.4238457639665967	0.47632615904871045	-6.005677414359673	-6.509419276732615	-0.3132	nan
1994.25	-1.480785336453664	-12.994796375165947	-3.842557572193755	4.72552561876023	-4.53871299226056	-5.559193160465497	-0.1181	-0.3297549000349065
1994.5	-1.8487430240868434	-6.790375707730163	-2.9909757324275006	6.514293756292091	-3.4691030858258087	-5.767824797121989	-1.1229	1.4375569291394719
1994.75	-1.7163102009994873	-5.706837721448721	-3.4366503065479037	9.047821499000463	-2.407650943581675	-5.230098658901511	-0.5965	2.6709093804840656
1995	-1.1559288297900139	-5.353796896199128	-2.8106241283240934	9.480793130624079	-1.7146721207348539	-5.6087946836725	0.6638	2.44327542701388
1995.25	0.3641450207152275	3.96146716750485	-2.351895283837507	11.970188517861914	-0.8122581493575078	-6.015537107876526	-1.9224	1.2262635115331655
1995.5	-0.4734944088316979	2.1618310353644574	-2.2204880787747925	11.607604644832918	-0.4565135402350642	-5.8515715858768544	-2.0679	0.8033593008835993
1995.75	-0.2829065446144341	4.831424577197538	-2.307988812865119	13.774740247853458	-0.46891741025841904	-5.721404698521155	-1.8772	0.010573991515450132
1996	-0.3254412006416487	9.60766060398538	-1.730888674537482	15.550804730951938	-0.028857863509033292	-5.713364041562272	-1.0666	3.5964765598062165
1996.25	0.27792235326410264	14.168123325343345	-0.8623433840843973	15.519179358051588	0.020383670881990407	-4.395746549781961	-1.6956	0.6101300196176496
1996.5	0.46581363281541144	18.07823192971125	-1.5351409835288905	11.418395251420748	0.5217058191935946	-3.859802359484661	-1.9165	1.8846692372797236
1996.75	0.18774659316454745	19.695474071658452	-0.83250500812278	9.774416200204541	-0.3653406450690131	-3.444824013010134	-0.0656	2.5731418340225964
1997	-1.135047366315689	21.4156345041647	-0.8880215616231908	9.60855247800231	-0.8453082353588542	-3.40278194842449	-0.4973	1.1152472210037345
1997.25	0.5082883436580232	23.026798919638622	-1.1386584705090854	8.515611506610526	-0.5469937377088147	-2.293181541248714	-0.938	-0.7249430305393822
1997.5	1.6711048017170924	22.23356053614492	-0.29102646613091565	10.121146697010545	-1.3788417957698422	-1.4670520896097514	-0.6463	-3.923101518303884
1997.75	-0.5483536314822004	19.161829854035545	-0.356719929818496	0.7900193026934517	-1.8213780539359796	-1.2131609613708179	-0.1726	-0.7190891200992588
1998	-1.2606825699704132	18.112028737398077	0.25858656290006365	1.1971840566264973	-2.3823591849470325	-0.40695945347044926	1.1159	-2.530656691391542
1998.25	-2.4384290624429923	17.363728422749773	-0.14276329581980463	-0.482224907563932	-3.444416240612692	0.3038970091201918	0.6718	-6.372719198847854
1998.5	-2.1449307609780135	13.909211023819068	0.48034292870841	-9.37413862942799	-3.1434534078059526	1.2106384179761562	-0.2115	-2.538681153989053
1998.75	-0.7396630457435549	14.095631315053026	0.9453991821925456	-2.5757283024034905	-4.170635844791152	2.4477207718202862	-0.1093	-2.993661020727245
1999	-0.22512704658970506	14.623865623760594	2.662367249842191	0.7355462402094304	-3.22099049406573	2.779973212091363	1.0453	1.9025406474766804
1999.25	-0.15094061263630465	12.052344850385794	1.5289227848486462	0.18129781783619592	-2.9978356405819495	3.199180874217177	0.1998	1.3856157911049216
1999.5	0.768147554764596	12.874038227696076	1.382994442741392	3.823383004837808	-2.93390359033611	3.9984216320743826	-0.4201	-3.9526886315448095
1999.75	1.4396553936164764	11.859809430405221	2.2634858806048896	4.539596217911878	-1.7975809577428943	5.279055733260179	-0.3927	-3.829710952838017
2000	3.581672529329012	13.522017627030436	1.4174998937662622	15.520478554959993	-2.188254775716827	4.456624285272596	-0.3616	-1.1805835009551124
2000.25	1.8176479276003192	6.4902053124218355	1.1528466181582644	8.801524348573878	-2.4248168521295295	5.8697769007006855	-0.4037	-1.077909362880547
2000.5	1.5545770356901585	4.496764602800397	1.182988805125433	12.5991873466362	-1.2180623065084868	5.203549691317562	0.0766	-6.287539182285595
2000.75	1.700092943681625	2.9816587667205	-0.6530551407643088	6.7020933746197215	-0.45322824905552556	5.146059505427729	0.2744	-3.4683991380850543
2001	0.22820265950929297	3.324818455189643	-2.2150675844417265	-2.7106519829961826	-1.1532875415620891	3.797110262084516	0.6261	5.202139651938342
2001.25	2.8298288952964867	0.9590259549946154	-0.8456568542170544	5.790767031011569	0.5630771250556478	3.5964378696738777	0.4566	-1.3748487043660162
2001.5	1.921269655142396	-11.361865717438832	0.051416311961475	0.765591628240827	0.29239165175578413	2.7658064832419313	0.7184	1.1827172972863842
2001.75	2.3715567947172076	-11.065725345141232	-1.6949933124038807	4.744976680752075	0.8518336702882432	2.571658179753058	-0.604	-0.14434119509871834
